X,Y,Z,Time,Up HUD,Right HUD,Down HUD,Left HUD,Trial Type,Layout Number,Rotation X,Rotation Y,Rotation Z,Direction
-0,0,-0,0,0,0,0,0,Combined,4,0,0,0,Backward
0.000252124394654274,0.000183299999999997,-0.000552077249690086,0.080017086,0,0,0,0,Combined,4,-0.10023,0.161200000000008,0.00688720000000009,Backward
-0.00012672215170495,0.0010715,-0.00154494999798516,0.140014696,0,0,0,0,Combined,4,-0.662032,0.0912000000000148,0.2756101,Backward
-0.000746851965563344,0.00223020000000002,-0.00219550361911303,0.200012196,0,0,0,0,Combined,4,-1.38634,-0.0656000000000176,0.3464591,Backward
-0.00150392882699135,0.00238520000000003,-0.00242029380103759,0.239990196,0,0,0,0,Combined,4,-1.994369,-0.295399999999972,0.5614901,Backward
-0.00181213278807402,0.00253350000000002,-0.00202012468882629,0.299987796,0,0,0,0,Combined,4,-2.219764,-0.449099999999987,0.7896661,Backward
-0.00200272734145779,0.00156270000000003,-0.00206636013216155,0.340026896,0,0,0,0,Combined,4,-1.910714,-0.401599999999974,0.9435231,Backward
-0.00190199959743342,0.0014188,-0.00236323539482441,0.380004896,0,0,0,0,Combined,4,-1.441977,-0.284400000000005,1.0461081,Backward
-0.00202999720197505,0.00136789999999998,-0.00245745648181028,0.420043896,0,0,0,0,Combined,4,-1.231038,-0.165399999999977,1.0757401,Backward
-0.00199777577405102,0.00111129999999998,-0.00258647500599452,0.460021996,0,0,0,0,Combined,4,-1.130736,-0.190499999999986,1.1099891,Backward
-0.00184933380705044,0.00120950000000003,-0.00278174144558818,0.520019496,0,0,0,0,Combined,4,-1.007602,-0.247299999999996,1.0221021,Backward
-0.00145815206526301,0.00138830000000001,-0.00314918919002594,0.559997596,0,0,0,0,Combined,4,-1.105352,-0.336200000000019,0.9561461,Backward
-0.0011442552983234,0.00119809999999998,-0.00350915143763686,0.600036596,0,0,0,0,Combined,4,-1.241788,-0.379399999999976,0.9982431,Backward
-0.0010742268903039,0.00167390000000001,-0.003416820391557,0.640014696,0,0,0,0,Combined,4,-1.353824,-0.537800000000004,0.9495251,Backward
-0.000679784403275541,0.00141459999999999,-0.00342397052631682,0.679992696,0,0,0,0,Combined,4,-1.362342,-0.743499999999983,0.8574491,Backward
-0.000233325810071516,0.00178709999999999,-0.00336939283348769,0.720031696,0,0,0,0,Combined,4,-1.453125,-0.867099999999994,0.7888451,Backward
-0.000176616366944771,0.00163930000000001,-0.00326749072820576,0.760009796,0,0,0,0,Combined,4,-1.467371,-0.857599999999991,0.8044191,Backward
0.000105212002876609,0.00117070000000002,-0.00328831787308559,0.820007296,0,0,0,0,Combined,4,-1.322694,-0.856800000000021,0.8867251,Backward
0.000183758785154087,0.00101319999999999,-0.00293557093405994,0.860046396,0,0,0,0,Combined,4,-1.149642,-0.872000000000014,0.8434001,Backward
0.000315299280969406,0.000564000000000009,-0.00255108023461048,0.900024396,0,0,0,0,Combined,4,-0.931535,-0.779299999999978,0.7836881,Backward
-7.01677934182854e-05,0.000696499999999989,-0.00211340897148915,0.940002396,0,0,0,0,Combined,4,-0.742894999999999,-0.625299999999982,0.6336081,Backward
-0.00104521016032821,0.000192799999999993,-0.00108463621585742,0.999999996,0,0,0,0,Combined,4,-0.504066,-0.529800000000023,0.5662531,Backward
-0.00162907078545027,0.000349700000000008,-0.000423311204663435,1.040038996,0,0,0,0,Combined,4,-0.30031,-0.760600000000011,0.7482711,Backward
-0.00190774155564677,0.000779499999999989,0.00118846378020265,1.080016996,0,0,0,0,Combined,4,-0.178039999999999,-0.763199999999983,0.5763611,Backward
-0.00291871902603491,0.000497599999999987,0.00273634121539601,1.119994996,0,0,0,0,Combined,4,-0.295970000000001,-0.547799999999995,0.6563931,Backward
-0.00421306265760446,0.00132890000000002,0.00539557485751985,1.179992996,0,0,0,0,Combined,4,-0.624812,-0.953300000000013,0.9868371,Backward
-0.00382453085903611,0.001133,0.0100807241658671,1.239989996,0,0,0,0,Combined,4,-0.77134,-1.92860000000002,0.9491411,Backward
-0.00299099902858657,0.00178790000000001,0.0141900688444778,1.299987996,0,0,0,0,Combined,4,-0.951674000000001,-2.22590000000002,1.1401231,Backward
-0.00177671121417466,0.0027874,0.018712040328662,1.360045996,0,0,0,0,Combined,4,-1.013001,-2.03899999999999,1.1036691,Backward
-0.00104495780304559,0.00425170000000002,0.0262498892224272,1.420043996,0,0,0,0,Combined,4,-1.825624,-2.23919999999998,1.4726941,Backward
0.00135221892037585,0.00314360000000002,0.0347225055690288,1.460021996,0,0,0,0,Combined,4,-2.256258,-3.02019999999999,1.7011221,Backward
0.00481368315950581,-0.00108619999999998,0.0444004438991321,1.499999996,0,0,0,0,Combined,4,-1.173423,-3.60289999999998,1.6330881,Backward
0.008995182433996,-0.00635920000000001,0.0551324057336409,1.540038996,0,0,0,0,Combined,4,1.07062,-4.01240000000001,2.1236341,Backward
0.0118935022863247,-0.00895639999999998,0.0628109310499774,1.580016996,0,0,0,0,Combined,4,2.55181,-4.14909999999998,2.7186391,Backward
0.0145237677180736,-0.0115087,0.0702105731871754,1.619994996,0,0,0,0,Combined,4,3.02498,-4.9092,3.2233081,Backward
0.016967534188407,-0.00822279999999997,0.0799853993461639,1.660033996,0,0,0,0,Combined,4,2.07142,-5.49810000000002,3.5382971,Backward
0.0203494570172555,-0.00943689999999997,0.0952637199992878,1.700011996,0,0,0,0,Combined,4,0.772489999999999,-6.0668,3.1953041,Backward
0.0200869998846849,-0.0095056,0.107701773112758,1.739989996,0,0,0,0,Combined,4,0.151020000000001,-6.04930000000002,2.3254131,Backward
0.0197071766082613,-0.0114134,0.126409331325387,1.799987996,0,0,0,0,Combined,4,0.898720000000001,-6.1619,1.6449061,Backward
0.0165681995459921,-0.0154914,0.147378178194071,1.840026996,0,0,0,0,Combined,4,2.67454,-5.72129999999999,1.0021071,Backward
0.0125861290870222,-0.0187427,0.163917198596135,1.880004996,0,0,0,0,Combined,4,2.69583,-5.7115,1.3999591,Backward
0.00609413544142567,-0.0262967,0.191000028110523,1.920043996,0,0,0,0,Combined,4,3.19826,-5.928,1.7042121,Backward
0.000881043838737217,-0.0303776,0.212061335096131,1.960021996,0,0,0,0,Combined,4,4.22256,-5.92529999999999,2.0309481,Backward
-0.00832964931179214,-0.0357669,0.245719062480592,2.020019996,0,0,0,0,Combined,4,3.55266,-5.7876,2.2364231,Backward
-0.0203082530453709,-0.0426871,0.281507723933544,2.059997996,0,0,0,0,Combined,4,2.20232,-5.57780000000002,2.3732081,Backward
-0.0285681227551984,-0.0432654,0.306041590085798,2.100036996,0,0,0,0,Combined,4,1.87093,-5.35019999999997,2.2319991,Backward
-0.0370955160464561,-0.0411756,0.332397706257495,2.140014996,0,0,0,0,Combined,4,0.302060000000001,-4.96550000000002,2.2684931,Backward
-0.0460303311306425,-0.0332677,0.3715873616325,2.179992996,0,0,0,0,Combined,4,-0.541646,-4.70929999999998,2.6999641,Backward
-0.0491377814934837,-0.0232081,0.397419818895457,2.220031996,0,0,0,0,Combined,4,0.48321,-4.08929999999998,1.6932541,Backward
-0.0544153991456606,-0.0142435,0.434177359358841,2.260009996,0,0,0,0,Combined,4,1.38787,-2.90269999999998,0.7625661,Backward
-0.056778406420809,-0.0112316,0.457982999291801,2.299987996,0,0,0,0,Combined,4,1.74091,-2.2269,0.8989281,Backward
-0.0583733268326632,-0.00723800000000002,0.495300845061347,2.340026996,0,0,0,0,Combined,4,1.37035,-1.43259999999998,1.1274901,Backward
-0.0587669171633922,-0.00645210000000002,0.520721519947191,2.380004996,0,0,0,0,Combined,4,1.45059,-1.1891,0.6648661,Backward
-0.0589810442855989,-0.00853209999999999,0.559265012440417,2.440001996,0,0,0,0,Combined,4,1.57818,-1.00779999999997,-0.0760818,Backward
-0.0579613260168865,-0.0153135,0.598078855726701,2.480041996,0,0,0,0,Combined,4,1.97468,-0.676899999999989,0.2029402,Backward
-0.0561012847498796,-0.0166689,0.624253369867084,2.520019996,0,0,0,0,Combined,4,1.86097,-0.867099999999994,0.6699521,Backward
-0.0526819905616778,-0.0216502,0.663855826751153,2.559997996,0,0,0,0,Combined,4,1.44206,-1.44470000000001,0.8640221,Backward
-0.0465425054426727,-0.0278357,0.70487768009146,2.619994996,0,0,0,0,Combined,4,0.26324,-2.45999999999998,0.9662811,Backward
-0.0373607599282972,-0.0331426,0.747659606068552,2.660033996,0,0,0,0,Combined,4,-1.28581,-3.23869999999999,1.5256871,Backward
-0.0277115512742605,-0.0413109,0.789146077216998,2.720031996,0,0,0,0,Combined,4,-2.030003,-3.77749999999997,1.8568121,Backward
-0.0203001972228378,-0.0276814,0.830499552961179,2.760009996,0,0,0,0,Combined,4,-2.764361,-4.30970000000002,2.7768201,Backward
-0.0142453610436579,-0.0197262,0.857301095525802,2.799987996,0,0,0,0,Combined,4,-3.249806,-4.74979999999999,3.0538311,Backward
-0.00640639143953425,-0.0100558,0.897537912889327,2.840026996,0,0,0,0,Combined,4,-4.35297,-4.8297,3.1723821,Backward
0.000256654139036527,-0.00367649999999997,0.936525747192064,2.880004996,0,0,0,0,Combined,4,-5.15099,-5.16579999999999,3.2347991,Backward
0.00467857674198369,-0.000716500000000009,0.963574209283163,2.920043996,0,0,0,0,Combined,4,-5.855986,-5.38510000000002,2.6837491,Backward
0.00872278549077299,-0.000759599999999971,0.99027017563758,2.960021996,0,0,0,0,Combined,4,-5.871112,-5.14569999999998,2.6204251,Backward
0.0137300868471573,0.000756099999999982,1.03063478554683,3.020019996,0,0,0,0,Combined,4,-5.913468,-4.7636,2.7010861,Backward
0.016013010859361,-0.0036717,1.07115069676643,3.059997996,0,0,0,0,Combined,4,-5.32653,-4.60579999999999,2.2650281,Backward
0.0163073017747335,-0.00948379999999999,1.09830470814334,3.100036996,0,0,0,0,Combined,4,-4.535001,-4.6934,2.0986231,Backward
0.0166526948639816,-0.0169347,1.13981801092225,3.140014996,0,0,0,0,Combined,4,-4.127584,-4.60289999999998,2.0445491,Backward
0.0153832145580224,-0.022113,1.16838181255566,3.179992996,0,0,0,0,Combined,4,-4.464317,-4.0806,2.3680991,Backward
0.011898629155795,-0.0279595,1.21158120363441,3.220031996,0,0,0,0,Combined,4,-4.731939,-3.73180000000002,2.4780731,Backward
0.00797738911316292,-0.0296766,1.24119915245819,3.260009996,0,0,0,0,Combined,4,-5.454126,-3.52089999999998,2.0330951,Backward
0.00225636805462459,-0.0172793,1.28575638614755,3.320006996,0,0,0,0,Combined,4,-6.082279,-3.15199999999999,1.4211601,Backward
-0.000917873009275816,-0.00722319999999999,1.33103699571354,3.360045996,0,0,0,0,Combined,4,-7.059825,-2.745,1.1091071,Backward
-0.00106169309712945,-0.00397819999999999,1.35907720105841,3.400023996,0,0,0,0,Combined,4,-6.021535,-2.67289999999997,0.9689701,Backward
-0.000349518835121909,-0.00287710000000002,1.40011220207974,3.440001996,0,0,0,0,Combined,4,-4.076344,-2.52730000000003,0.7142981,Backward
0.000777379563764224,0.000880300000000001,1.42873412516325,3.480041996,0,0,0,0,Combined,4,-4.609092,-2.73660000000001,0.1241038,Backward
0.00449355431073206,0.00151590000000001,1.47205823301616,3.540038996,0,0,0,0,Combined,4,-2.673152,-2.8424,358.8618461,Backward
0.00796403459928419,-0.0057585,1.51561445772132,3.580016996,0,0,0,0,Combined,4,-0.635078,-1.98099999999999,357.7023461,Backward
0.0104262234559855,-0.00955800000000001,1.54427991691935,3.619994996,0,0,0,0,Combined,4,0.29879,-1.5421,358.4747461,Backward
0.0160180952770612,-0.0145312,1.5872449572491,3.660033996,0,0,0,0,Combined,4,1.28329,-1.18889999999999,-0.5710975,Backward
0.0228726857255634,-0.0247384,1.62987096562173,3.700011996,0,0,0,0,Combined,4,2.01788,-1.60570000000001,-0.2955951,Backward
0.0281895743379197,-0.0318063,1.65846941508116,3.739989996,0,0,0,0,Combined,4,3.29676,-2.37079999999997,-0.2997927,Backward
0.038291018461956,-0.0364948,1.70428292125138,3.799987996,0,0,0,0,Combined,4,2.87295,-2.95240000000001,0.3036021,Backward
0.0484071068889116,-0.0406866,1.75007689426026,3.840026996,0,0,0,0,Combined,4,1.24346,-2.92739999999998,1.3400941,Backward
0.0530687674846932,-0.0310772,1.78106526113381,3.880004996,0,0,0,0,Combined,4,0.463290000000001,-3.13249999999999,1.9448301,Backward
0.0595417377576588,-0.0172427,1.82437919903889,3.920043996,0,0,0,0,Combined,4,-1.259568,-3.4873,2.3792431,Backward
0.0647868170512531,-0.0145595,1.86279052001597,3.980041996,0,0,0,0,Combined,4,-0.976927,-3.29180000000002,2.7076701,Backward
0.0691766215163563,-0.00769320000000001,1.9033751244462,4.020019996,0,0,0,0,Combined,4,-1.141587,-3.74009999999998,2.7984191,Backward
0.0718440964721481,-0.008774,1.94265290943161,4.059997996,0,0,0,0,Combined,4,-0.873298999999999,-4.36770000000001,3.1929641,Backward
0.0744833060621204,-0.0102924,1.96782228043567,4.100036996,0,0,0,0,Combined,4,0.8651,-5.0926,3.8277341,Backward
0.0767439615219376,-0.0102971,1.9942299731954,4.140014996,0,0,0,0,Combined,4,1.35037,-5.42680000000001,3.6786271,Backward
0.0773085955695039,-0.0156583,2.03303898412575,4.200011996,0,0,0,0,Combined,4,1.19666,-5.87520000000001,3.4806841,Backward
0.0766782343982402,-0.0234267,2.07185905972838,4.239989996,0,0,0,0,Combined,4,1.84298,-6.11619999999999,3.6559271,Backward
0.0755952154927115,-0.0280531,2.09936837753254,4.280028996,0,0,0,0,Combined,4,1.58244,-5.83049999999997,3.6841351,Backward
0.0716500217937277,-0.0328246,2.14138212912268,4.320006996,0,0,0,0,Combined,4,0.951040000000001,-5.26709999999997,3.6704661,Backward
0.0662080033921439,-0.0357476,2.17106055259355,4.360045996,0,0,0,0,Combined,4,0.176820000000001,-4.98680000000002,3.5325271,Backward
0.0581929887420332,-0.0384649,2.21662356627964,4.400023996,0,0,0,0,Combined,4,-0.482016,-4.93959999999998,3.4861071,Backward
0.0539061344045932,-0.0294974,2.25015167752811,4.440001996,0,0,0,0,Combined,4,-0.37955,-5.0188,2.7529741,Backward
0.0488126068359604,-0.0246322,2.28031171302058,4.480041996,0,0,0,0,Combined,4,-0.0595400000000001,-4.7595,2.3360151,Backward
0.0444229834147998,-0.0207692,2.30950417270147,4.520019996,0,0,0,0,Combined,4,0.92657,-4.8261,2.5467661,Backward
0.0389210981149293,-0.0179431,2.35212752027234,4.559997996,0,0,0,0,Combined,4,1.90015,-5.26729999999998,2.1869591,Backward
0.0361878986778432,-0.0134234,2.38133396512339,4.600036996,0,0,0,0,Combined,4,0.275080000000001,-5.36149999999998,1.9193981,Backward
0.0337965708668801,-0.00996989999999998,2.40788013765919,4.640014996,0,0,0,0,Combined,4,0.87893,-5.33539999999999,1.9760831,Backward
0.0314826633080956,-0.0102775,2.4355194136231,4.679992996,0,0,0,0,Combined,4,0.96176,-5.43889999999999,1.7121181,Backward
0.0274735432141755,-0.0108116,2.47667062395855,4.720031996,0,0,0,0,Combined,4,0.58347,-5.654,1.2212191,Backward
0.0258984358224179,-0.0137362,2.50368364253672,4.760009996,0,0,0,0,Combined,4,0.81466,-5.8263,1.5398761,Backward
0.0247110528177781,-0.0179494,2.54433653991932,4.799987996,0,0,0,0,Combined,4,0.93656,-6.02640000000002,1.6105801,Backward
0.0248095810509597,-0.0208503,2.57212450868617,4.840026996,0,0,0,0,Combined,4,0.79631,-6.04320000000001,1.5276081,Backward
0.025566350085672,-0.0252664,2.60074436930128,4.880004996,0,0,1,0,Combined,4,0.40156,-5.94900000000001,1.2356321,Backward
0.0271514426186381,-0.0308056,2.64461932431734,4.920043996,0,0,1,0,Combined,4,-0.26952,-5.55340000000001,1.2350661,Backward
0.0306629969390939,-0.0392197,2.70477570374841,4.980041996,0,0,1,0,Combined,4,-1.71245,-5.35739999999998,1.8626611,Backward
0.033448066480442,-0.0296674,2.76462824791864,5.040038996,0,0,1,0,Combined,4,0.434380000000001,-5.1961,1.8121361,Backward
0.0359545739709444,-0.0168779,2.8358477515409,5.119994996,0,0,1,0,Combined,4,0.895659999999999,-4.35129999999998,1.8715781,Backward
0.0338341851275881,-0.00674259999999999,2.88584520798773,5.200011996,0,0,1,0,Combined,4,-0.868245999999999,-4.30970000000002,2.0265181,Backward
0.0287325234440745,-0.00219979999999997,2.94829212579852,5.260009996,0,0,1,0,Combined,4,-2.108059,-4.29349999999999,2.0785501,Backward
0.0212464389771325,-0.00979239999999998,2.99736423934943,5.340026996,0,0,1,0,Combined,4,-2.5884,-4.9674,2.0486561,Backward
0.00973564024070628,-0.0179615,3.05977228252857,5.420043996,0,0,1,0,Combined,4,-1.003825,-5.58139999999997,2.6258631,Backward
-0.00516796192227842,-0.0273855,3.12260999291467,5.499999996,0,0,1,0,Combined,4,-2.488835,-4.93889999999999,3.4241601,Backward
-0.0239716304072854,-0.0363594,3.18833214409299,5.580016996,0,0,1,0,Combined,4,-2.503457,-4.34750000000003,3.1910721,Backward
-0.0373834184137003,-0.018053,3.24107310576863,5.640014996,0,0,1,0,Combined,4,-3.008157,-3.68430000000001,2.7632161,Backward
-0.0468212012606242,-0.0044362,3.29090202142946,5.700011996,0,0,1,0,Combined,4,-3.778073,-3.7595,2.9851691,Backward
-0.0507182509890618,-0.00197629999999999,3.3368094097718,5.780028996,0,0,1,0,Combined,4,-4.205604,-4.48989999999998,2.7995631,Backward
-0.0506166107889126,-0.0015849,3.3803058226155,5.840026996,0,0,1,0,Combined,4,-3.027045,-4.07100000000003,1.2972071,Backward
-0.0488108507235556,-0.00625359999999997,3.43441340299557,5.920043996,0,0,1,0,Combined,4,-2.151217,-2.6046,0.122895,Backward
-0.0452652852599282,-0.00550240000000002,3.47677143814291,5.980041996,0,0,1,0,Combined,4,-2.536131,-1.46600000000001,0.6830621,Backward
-0.0401676675391065,-0.009745,3.52084095884115,6.059997996,0,0,1,0,Combined,4,-6.232318,-1.24779999999998,1.8405591,Backward
-0.0298579327471602,-0.0118716,3.57864762206019,6.119994996,0,0,1,0,Combined,4,-9.194836,-1.33159999999998,2.6458921,Backward
-0.0180753279307293,-0.00655669999999997,3.62687719522583,6.200011996,0,0,1,0,Combined,4,-9.6839959,-1.39639999999997,2.6213381,Backward
-0.00934939555174452,-0.00602180000000002,3.67185543410996,6.280028996,0,0,1,0,Combined,4,-8.894551,-1.23570000000001,2.9215831,Backward
0.00205321505951783,-0.00735459999999999,3.7248351472108,6.340026996,0,0,1,0,Combined,4,-4.627584,0.690400000000011,3.3832911,Backward
0.00474969295541339,0.00516919999999998,3.75361830367351,6.400023996,0,0,1,0,Combined,4,-5.660622,-0.220799999999997,3.4265621,Backward
0.00960943091461175,0.0020984,3.79629933518598,6.460021996,0,0,1,0,Combined,4,-6.959319,-1.9153,2.3379921,Backward
0.0162250423622052,-0.00130609999999998,3.8346552881682,6.520019996,0,0,1,0,Combined,4,-5.020018,-1.48880000000003,3.2182771,Backward
0.0134383299638028,-0.00388810000000001,3.85945765021315,6.580016996,0,0,1,0,Combined,4,-3.267109,-1.13679999999999,2.6004661,Backward
0.0121308309572461,-0.00630829999999999,3.8939133420847,6.660033996,0,0,1,0,Combined,4,-2.105518,-1.49860000000001,3.5705741,Backward
0.00752586541584321,-0.00706869999999998,3.92796136319258,6.720031996,0,0,1,0,Combined,4,-1.451663,-2.39280000000002,3.2654181,Backward
0.00423256107935677,-0.00749889999999998,3.96437338279528,6.799987996,0,0,1,0,Combined,4,-4.198284,-3.00299999999999,3.0122241,Backward
-0.00239717602225431,-0.00890160000000001,4.00817060059463,6.880004996,0,0,1,0,Combined,4,-5.214817,-2.39999999999998,4.2486931,Backward
-0.0166220077735724,-0.0116671,4.05657276337323,6.960021996,0,0,1,0,Combined,4,-5.581086,-3.3227,3.3251891,Backward
-0.035337468428601,-0.00812619999999997,4.09657412880581,7.020019996,0,0,1,0,Combined,4,-3.923558,-2.75400000000002,1.2254321,Backward
-0.0534513231916245,-0.00217669999999998,4.14426918479303,7.100036996,0,0,1,0,Combined,4,-2.596638,-2.24169999999998,1.2243051,Backward
-0.0655808302976681,-0.00597360000000002,4.18373488162413,7.179992996,0,0,1,0,Combined,4,1.52634,-3.15890000000002,0.7211121,Backward
-0.0703594375704131,0.00295240000000002,4.22866302265548,7.260009996,0,0,1,0,Combined,4,3.17596,-6.64890000000003,1.3199451,Backward
-0.067110896747387,0.00413180000000002,4.27396294110487,7.340026996,0,0,1,0,Combined,4,0.910970000000001,-7.68130000000002,1.1725811,Backward
-0.0647544943113347,-0.00393779999999999,4.31839332571449,7.440001996,0,0,1,0,Combined,4,0.213430000000001,-7.33909999999997,1.5063681,Backward
-0.0577541916574571,-0.0125387,4.37720267728169,7.520019996,0,0,0,0,Combined,4,-0.883300999999999,-7.56740000000002,1.2228521,Backward
-0.048535910507753,-0.0204942,4.42257717074051,7.580016996,0,0,0,0,Combined,4,-1.484619,-7.6241,1.3272681,Backward
-0.0419594272702137,-0.0286832,4.46164222525509,7.640014996,0,0,0,0,Combined,4,-1.707807,-8.26159999999999,1.6489521,Backward
-0.0327528077161525,-0.0362092,4.50838706648261,7.679992996,0,0,0,0,Combined,4,-2.104609,-9.6379,1.9399691,Backward
-0.0183308357269722,-0.0397161,4.55867374098932,7.739989996,0,0,0,0,Combined,4,-2.933308,-10.8137,2.1393901,Backward
-0.00531929072153847,-0.0393362,4.59860895643348,7.780028996,0,0,0,0,Combined,4,-6.201959,-10.8084,1.5506071,Backward
0.00133789875019952,-0.0244583,4.63504524479189,7.820006996,0,0,0,0,Combined,4,-8.487563,-11.6789,1.3086491,Backward
0.0101883678593566,-0.0255185,4.68359944111464,7.880004996,0,0,0,0,Combined,4,-9.369309,-12.6526,1.7334611,Backward
0.0177246200170229,-0.00354579999999999,4.7267379349156,7.920043996,0,0,0,0,Combined,4,348.51567,-12.0068,2.9941391,Backward
0.0227985558128898,-0.00212570000000001,4.76619423383656,7.980041996,0,0,0,0,Combined,4,348.11017,-11.1191,3.9960971,Backward
0.0251925929790913,0.00337949999999998,4.80146097808729,8.020019996,0,0,0,0,Combined,4,347.87997,-11.2385,3.8238121,Backward
0.0254985113043582,0.00455030000000001,4.82445315804001,8.080016996,0,0,0,0,Combined,4,349.58017,-11.1911,3.4542471,Backward
0.0254088082293698,0.00691209999999998,4.8705347085495,8.140014996,0,0,0,0,Combined,4,-8.693381,-10.906,3.4043991,Backward
0.0232284866141668,0.0076098,4.90411149104357,8.179992996,0,0,0,0,Combined,4,-7.062317,-10.7584,3.3745271,Backward
0.0204201706031228,0.00553560000000003,4.93721755914569,8.220031996,0,0,0,0,Combined,4,-6.861496,-10.6386,3.1732281,Backward
0.0170375260438953,0.00061509999999998,4.95982933819525,8.260009996,0,0,0,0,Combined,4,-6.860374,-10.4856,3.3797911,Backward
0.0148944019279673,-0.00562180000000001,4.98364214724886,8.299987996,0,0,0,0,Combined,4,-6.455362,-10.0267,3.6048481,Backward
0.00604112528230427,-0.0163497,5.03140901501968,8.360045996,0,0,0,0,Combined,4,-6.523132,-9.22190000000001,3.3148331,Backward
-0.00335598892080391,-0.0268775,5.07029344338958,8.420043996,0,0,0,0,Combined,4,-6.796499,-7.81659999999999,2.8835331,Backward
-0.0166758156622016,-0.0327312,5.11070085151704,8.480041996,0,0,0,0,Combined,4,-7.1803,-5.85559999999998,2.9369931,Backward
-0.0284613899949142,-0.0227712,5.15170857501699,8.520019996,0,0,0,0,Combined,4,-6.432002,-4.18830000000003,3.2714541,Backward
-0.0368268432093957,-0.0128959,5.19365824996825,8.580016996,0,0,0,0,Combined,4,-7.22834,-0.898399999999981,2.0565211,Backward
-0.0435054920779834,-0.0061985,5.24165610481917,8.640014996,0,0,0,0,Combined,4,-7.449826,3.07900000000001,2.4409131,Backward
-0.0510975462185259,0.0101969,5.28977425850286,8.700011996,0,0,0,0,Combined,4,-10.1512969,5.23230000000001,3.7877921,Backward
-0.0558317969970479,0.00934780000000002,5.33705509447861,8.760009996,0,0,0,0,Combined,4,-10.1333321,5.85539999999997,2.6196341,Backward
-0.058483287799699,0.0004575,5.3837634971544,8.840026996,0,0,0,0,Combined,4,349.30937,6.86250000000001,3.2335541,Backward
-0.0603808927934626,-0.00815139999999998,5.43134693136513,8.900023996,0,0,0,0,Combined,4,-10.0612482,6.15320000000003,3.4709771,Backward
-0.0583152181406055,-0.0172316,5.49239666849994,8.980041996,0,0,0,0,Combined,4,-9.7180984,3.59379999999999,3.6180061,Backward
-0.0487323165912641,-0.023741,5.54484680164463,9.040038996,0,0,0,0,Combined,4,-10.0761402,1.4314,3.5381061,Backward
-0.0333360761937072,-0.028462,5.60081824369877,9.100036996,0,0,0,0,Combined,4,348.52657,0.518799999999999,2.8950961,Backward
-0.0268629474606659,-0.0223451,5.64069035883461,9.160033996,0,0,0,0,Combined,4,-10.0877996,0.208799999999997,2.7880081,Backward
-0.0176692928342663,-0.00829780000000002,5.70348330063232,9.239989996,0,0,0,0,Combined,4,-6.63634,-1.86649999999997,1.2935981,Backward
-0.0120842048421963,0.00306220000000001,5.74536754589376,9.299987996,0,0,0,0,Combined,4,-7.636771,-2.5915,3.1326861,Backward
-0.00583578714982425,0.00498019999999999,5.78912440155481,9.360045996,0,0,0,0,Combined,4,349.30437,-3.73230000000001,3.1782831,Backward
0.000876717467147348,0.00714619999999999,5.82969468800644,9.440001996,0,0,0,0,Combined,4,-8.63797,-4.34300000000002,3.9718461,Backward
0.00350893840254951,0.0006795,5.86630991009982,9.499999996,0,0,0,0,Combined,4,-6.514365,-5.7183,3.0618011,Backward
0.00575150452898487,-0.0024942,5.90950592957115,9.580016996,0,0,0,0,Combined,4,-5.78512,-6.51830000000001,2.1691931,Backward
0.00389801878323404,-0.0130468,5.94036191763815,9.640014996,0,0,0,0,Combined,4,-4.227082,-6.10750000000002,2.8786581,Backward
-0.00538199513424509,-0.0205959,5.96209105086272,9.720031996,0,0,0,0,Combined,4,1.04539,-7.67680000000001,2.7992601,Backward
-0.0115577187864466,-0.0119698,5.98017940972614,9.780028996,1,0,0,0,Combined,4,0.23456,-10.6098,1.4325651,Backward
-0.0153180730917635,-0.0166356,6.00335918203948,9.860045996,1,0,0,0,Combined,4,0.34211,-10.819,1.6665951,Backward
-0.020687051033204,-0.0186257,6.03131907297032,9.940001996,1,0,0,0,Combined,4,3.41856,-12.1608,2.3858081,Backward
-0.0308450385230326,-0.0179513,6.06156411850106,10.040040996,1,0,0,0,Combined,4,4.76122,-19.6457,1.5706071,Backward
-0.0341805180402774,-0.0153494,6.09267194671824,10.119990996,1,0,0,0,Combined,4,1.25872,-23.2327,1.9859111,Backward
-0.0340468574186308,-0.00963619999999998,6.12021092810533,10.200010996,1,0,0,0,Combined,4,0.407440000000001,-25.9226,3.2382071,Backward
-0.0282315692288635,-0.0125761,6.15156708347027,10.280030996,0,0,0,0,Combined,4,-0.479647,-28.7228,4.4832101,Backward
-0.0170835488147176,-0.0146411,6.17838460566837,10.360050996,0,0,0,0,Combined,4,-2.061435,-31.2405,4.8151041,Backward
-0.00213281082064265,-0.018931,6.20999859406643,10.440000996,0,0,0,0,Combined,4,-3.014427,-34.8111,4.0000391,Backward
0.0113249616938886,-0.0198056,6.23228897961597,10.500000996,0,0,0,0,Combined,4,-7.217949,-38.815,5.6813451,Backward
0.0262500808901285,-0.0060598,6.24885414082792,10.560000996,0,0,0,0,Combined,4,-7.802421,-43.4661,7.1902771,Backward
0.0364752191253763,0.0042333,6.27009862933836,10.640010996,0,0,0,0,Combined,4,347.88177,-47.52,7.9731271,Backward
0.0414453260687906,-0.00868970000000002,6.28683948074953,10.700010996,0,0,0,0,Combined,4,349.24057,-51.2132,9.0532881,Backward
0.041145554501457,-0.00441469999999999,6.29744534483538,10.780030996,0,1,0,0,Combined,4,-5.165218,-57.939,6.6588521,Backward
0.0437605335738485,-0.0158393,6.31679083320996,10.860050996,0,1,0,0,Combined,4,-2.207895,-59.2616,4.0079751,Backward
0.0409229710699233,-0.000264299999999995,6.32529288120066,10.940000996,0,1,0,0,Combined,4,4.8698,-63.2578,2.0435011,Backward
0.0412660643000891,0.00334410000000002,6.33345839821035,11.020020996,0,1,0,0,Combined,4,-4.701483,-62.5529,3.0666621,Backward
0.0410625258032908,-0.0064533,6.32981983309752,11.100040996,0,1,0,0,Combined,4,-5.796576,-66.606,0.4018411,Backward
0.0380191416646887,-0.0108576,6.33429303429855,11.160030996,0,1,0,0,Combined,4,-2.67092,-72.6453,1.4248151,Backward
0.0393701573228649,-0.00662390000000002,6.3476941769995,11.239990996,0,1,0,0,Combined,4,-0.879033999999999,-75.3859,-0.2053008,Backward
0.0469652282014583,-0.00832169999999999,6.35723674491119,11.320010996,0,1,0,0,Combined,4,-2.000853,-67.0314,359.0366461,Backward
0.0467539788863167,-0.00669579999999997,6.35902080845458,11.380000996,0,1,0,0,Combined,4,-3.810464,-61.6504,-0.3073666,Backward
0.0477785486631253,-0.009075,6.3651574551588,11.460020996,0,1,0,0,Combined,4,-2.588234,-61.0102,359.1889461,Backward
0.0505748700150312,-0.0052469,6.36589897245251,11.540040996,0,1,0,0,Combined,4,-2.995269,-57.2839,-0.69453971,Backward
0.0536898634877323,-0.0051679,6.37009270774042,11.640010996,0,1,0,0,Combined,4,-3.845098,-55.2109,-0.1275476,Backward
0.0547401147156759,-0.00402779999999997,6.37123754019899,11.720030996,0,1,0,0,Combined,4,-4.827493,-49.7106,0.6116781,Backward
0.0596334612168246,-0.00456309999999999,6.37406850275962,11.799990996,0,0,0,0,Combined,4,-4.201339,-40.275,1.7877681,Backward
0.0667058842469519,-0.00420409999999999,6.37591995448271,11.860050996,0,0,0,0,Combined,4,-4.382463,-30.2252,1.6736651,Backward
0.0731573917688504,-0.0028127,6.37146782468958,11.960020996,0,0,0,0,Combined,4,-5.885377,-16.6758,3.2647801,Backward
0.0747771749179464,-0.00322859999999997,6.36965964810808,12.020020996,0,0,0,0,Combined,4,-7.238351,-8.90210000000002,2.6809101,Backward
0.0784428770788068,-0.00344919999999999,6.36929891043627,12.080020996,0,0,0,0,Combined,4,-7.123436,-1.83159999999998,2.2595601,Backward
0.0798431767385703,-0.00410280000000002,6.36940459800822,12.140010996,0,0,0,0,Combined,4,-7.17811,3.59010000000001,1.6381901,Backward
0.0794768129891747,-0.00588339999999998,6.37091346069353,12.220030996,0,0,0,0,Combined,4,-6.54871,8.61290000000002,1.0366231,Backward
0.0814274326702136,-0.00608750000000002,6.37187753738132,12.280030996,0,0,0,0,Combined,4,-5.489964,12.5555,1.1977301,Backward
0.0804745077344533,-0.00783509999999998,6.37262688247326,12.340030996,0,0,0,0,Combined,4,-5.126233,15.7072,1.0616691,Backward
0.0889230819236682,-0.00761479999999998,6.37253214510293,12.420040996,0,0,0,0,Combined,4,-4.942809,21.6819,1.4080061,Backward
0.0964009128423049,-0.0087854,6.36793338214402,12.480040996,0,0,0,0,Combined,4,-5.046577,31.2382,1.9067151,Backward
0.0979493777523053,-0.0126692,6.3642618919258,12.560000996,0,0,0,0,Combined,4,-3.960862,40.2333,2.4694531,Backward
0.102951816608098,-0.011274,6.36181360568966,12.619990996,0,0,0,1,Combined,4,-4.166553,44.6006,3.7285511,Backward
0.106218957507218,-0.0123412,6.36358101038166,12.700010996,0,0,0,1,Combined,4,-4.085161,49.4443,2.6281501,Backward
0.102585841670052,-0.0138033,6.37254738034468,12.780030996,0,0,0,1,Combined,4,-4.143121,49.8398,3.4629701,Backward
0.0955398722844882,-0.0165968,6.38780587766315,12.860050996,0,0,0,1,Combined,4,-3.270894,43.0638,5.0103851,Backward
0.0923330774725115,-0.0168662,6.40256921885117,12.940000996,0,0,0,1,Combined,4,-3.250235,39.9393,5.9572061,Backward
0.0864225335201323,-0.016797,6.42430815790502,13.040040996,0,0,0,1,Combined,4,-4.474111,39.7991,6.1609181,Backward
0.0792134888676528,-0.0207962,6.44711535017409,13.119990996,0,0,0,1,Combined,4,-3.065319,38.3229,6.2883221,Backward
0.0787014481203934,-0.0125354,6.46954057425933,13.200010996,0,0,0,0,Combined,4,-3.314846,34.9968,6.5940411,Backward
0.0790749674895008,-0.0148736,6.48426056380691,13.280030996,0,0,0,0,Combined,4,-5.650623,35.1389,5.6150471,Backward
0.0799440862488612,-0.0218211,6.51207365708296,13.360050996,0,0,0,0,Combined,4,-6.440267,29.0624,2.6012791,Backward
0.0873981194732831,-0.0214702,6.54021150486294,13.420040996,0,0,0,0,Combined,4,-6.584208,23.5893,1.9198961,Backward
0.0939890338275751,-0.0201404,6.57530492032759,13.480040996,0,0,0,0,Combined,4,-9.008217,18.6205,2.3058571,Backward
0.101409387795584,-0.0222744,6.60797407715768,13.540040996,0,0,0,0,Combined,4,-10.1061069,15.5024,3.1444531,Backward
0.104628973220732,-0.0176681,6.63547359834788,13.619990996,0,0,0,0,Combined,4,-8.786219,10.389,3.5706291,Backward
0.112431909127733,-0.0186922,6.65413778437972,13.679990996,0,0,0,0,Combined,4,-7.566357,8.07839999999999,4.3026971,Backward
0.11919252954714,-0.0169312,6.68255318338352,13.760010996,0,0,0,0,Combined,4,-6.704109,4.08620000000002,6.2362081,Backward
0.116915897396468,-0.0168673,6.70328000287061,13.820010996,0,0,0,0,Combined,4,-4.841069,-0.378899999999987,5.4817981,Backward
0.121844081371941,-0.0190953,6.7274134142893,13.900020996,0,0,0,0,Combined,4,-3.232303,-5.9991,3.9227291,Backward
0.122954087104147,-0.0157103,6.74885097131603,13.960020996,0,0,0,0,Combined,4,-3.564645,-7.9862,3.4897681,Backward
0.121511763529325,-0.0129039,6.77246651252739,14.020020996,0,0,0,0,Combined,4,-6.635993,-9.35230000000001,4.0282611,Backward
0.11962716498781,-0.0163921,6.78896386093062,14.080020996,0,0,0,0,Combined,4,-7.243938,-10.0958,4.2692541,Backward
0.117653511300919,-0.024286,6.81172163217747,14.140010996,0,0,0,0,Combined,4,-6.79824,-10.4708,3.5486371,Backward
0.114324531268147,-0.0319403,6.82888226491468,14.200010996,0,0,0,0,Combined,4,-6.100312,-10.4679,2.5435351,Backward
0.105441328367715,-0.0349885,6.85065435179743,14.280030996,0,0,0,0,Combined,4,-4.864017,-9.9597,2.6483261,Backward
0.0912472900045822,-0.0205227,6.87592523314229,14.340030996,0,0,0,0,Combined,4,-6.626373,-10.3333,3.1163341,Backward
0.0707356298181758,-0.0134535,6.89598747642158,14.400020996,0,0,0,0,Combined,4,-6.303802,-15.3298,2.9340611,Backward
0.050109377705462,-0.0116986,6.9110333213225,14.460020996,0,0,0,0,Combined,4,-7.066885,-25.0267,2.7832061,Backward
0.0407370778305811,-0.00879049999999998,6.92589580039079,14.520020996,0,0,0,0,Combined,4,-9.8527236,-30.8697,4.2170671,Backward
0.0272228216722255,-0.00613659999999999,6.93949263371647,14.580020996,0,0,0,0,Combined,4,348.86517,-37.3848,5.6513291,Backward
0.0155165685242271,-0.00949850000000002,6.94989668861036,14.640010996,0,0,0,0,Combined,4,348.63747,-44.6893,6.2282871,Backward
0.0104625057488432,-0.00972059999999997,6.95739597514059,14.700010996,0,0,0,0,Combined,4,-10.37949815,-49.6539,5.5755001,Backward
0.00605373440230528,-0.011082,6.96578676319738,14.760010996,0,0,0,0,Combined,4,-7.221527,-53.6403,4.7059821,Backward
0.00665374440162303,-0.014345,6.97128923800429,14.799990996,0,0,0,0,Combined,4,-6.076691,-56.2383,4.1743421,Backward
0.006271072229588,-0.0147147,6.9796812248375,14.860050996,0,0,0,0,Combined,4,-4.080334,-62.1625,3.1878811,Backward
0.00715020460821547,-0.0121094,6.98739396924276,14.920040996,0,0,0,0,Combined,4,-6.198273,-64.8296,3.6005951,Backward
0.0112249103653821,-0.00959769999999999,7.00244474470426,14.980040996,0,0,0,0,Combined,4,-7.085537,-68.4488,4.0988201,Backward
0.0161632372198146,-0.0111303,7.02083543672166,15.020020996,0,1,0,0,Combined,4,-7.464182,-69.5495,3.7815691,Backward
0.0222693030779664,-0.0159654,7.03701300637027,15.100040996,0,1,0,0,Combined,4,-5.835688,-68.004,2.9775681,Backward
0.0273530376193167,-0.0121817,7.05447294245587,15.160030996,0,0,0,0,Combined,4,-5.227141,-68.0572,2.9141861,Backward
0.0310015070218945,-0.0127111,7.08026453257781,15.220030996,0,0,0,0,Combined,4,-3.546676,-68.884,1.6277831,Backward
0.0336735300778672,-0.0157796,7.0992106677454,15.280030996,0,0,0,0,Combined,4,-2.504416,-68.7112,1.0479331,Backward
0.0343598441990554,-0.0170795,7.12710684810987,15.340030996,0,0,0,0,Combined,4,-0.812322999999999,-70.2907,0.6467651,Backward
0.028499621700254,-0.0233355,7.156232349947,15.400020996,0,0,0,0,Combined,4,1.18195,-70.0698,0.7899921,Backward
0.0101286767188076,-0.0419802,7.17259438736563,15.460020996,0,0,0,0,Combined,4,3.79366,-72.2302,1.7696781,Backward
-0.0206175848086256,-0.0733624,7.20045625893031,15.520020996,0,0,0,0,Combined,4,5.73666,-73.9646,3.6221301,Backward
-0.0569431033467058,-0.1161068,7.23204029655914,15.600040996,0,0,0,0,Combined,4,5.29446,-73.052,5.0608161,Backward
-0.0945514074327449,-0.1639157,7.26362753386746,15.660030996,0,0,0,0,Combined,4,6.70739,-72.6967,4.5259441,Backward
-0.123375106321496,-0.25419685,7.32258957293812,15.760010996,0,0,0,0,Combined,4,20.50903,-66.3445,5.7894261,Backward
-0.149511442812127,-0.30044695,7.37851557242717,15.840030996,0,0,0,0,Combined,4,22.72241,-60.4431,4.9282221,Backward
-0.169964860671141,-0.339281915,7.44030587518484,15.920040996,0,0,0,0,Combined,4,26.02816,-52.9438,5.1326351,Backward
-0.18009088445262,-0.36783844,7.48813630181242,15.980040996,0,0,0,0,Combined,4,27.49872,-48.4737,4.8970591,Backward
-0.183154016603762,-0.38600913,7.53452011798169,16.040040996,0,0,0,0,Combined,4,28.08823,-45.1813,4.4074941,Backward
-0.178102171492209,-0.40491169,7.57781473554519,16.100040996,0,0,0,0,Combined,4,27.97077,-43.41,3.0916571,Backward
-0.170964903315747,-0.41277003,7.61842988755742,16.160030996,0,0,0,0,Combined,4,29.63102,-41.3906,1.1816981,Backward
-0.156518018360305,-0.42020632,7.66436206124956,16.200010996,0,0,0,0,Combined,4,30.25768,-38.4092,0.5532701,Backward
-0.142616267455073,-0.41943327,7.70301660559778,16.239990996,0,0,0,0,Combined,4,30.89067,-34.2747,1.0517361,Backward
-0.135515886619501,-0.4122754,7.73282581659019,16.299990996,0,0,0,0,Combined,4,30.44735,-33.2021,-0.64111456,Backward
-0.120010736431809,-0.39875601,7.77425608494145,16.340030996,0,0,0,0,Combined,4,29.28059,-31.3548,-0.3425362,Backward
-0.102050403451631,-0.37834673,7.81538319911496,16.400020996,0,0,0,0,Combined,4,27.47268,-28.0227,-0.1353756,Backward
-0.0733908395307648,-0.347562244,7.87705387875987,16.460020996,0,0,0,0,Combined,4,22.14364,-25.5644,1.5719011,Backward
-0.0559039530915206,-0.31263992,7.90787609189685,16.500000996,1,0,0,0,Combined,4,21.46328,-21.8643,-0.1987268,Backward
-0.0487981972919305,-0.29075625,7.9273629959228,16.560000996,1,0,0,0,Combined,4,17.27336,-20.7876,1.9796531,Backward
-0.0230771209838623,-0.24756004,7.96334627689541,16.619990996,1,0,0,0,Combined,4,13.30548,-15.8572,4.2595381,Backward
0.003877640878164,-0.2115059,7.98812781068494,16.679990996,1,0,0,0,Combined,4,8.5692,-11.8299,5.1122481,Backward
0.0252397757802112,-0.1722095,8.00765130551622,16.760010996,1,0,0,0,Combined,4,3.72915,-9.18529999999998,4.7548771,Backward
0.0375926094222017,-0.1447761,8.01921198603309,16.820010996,1,0,0,0,Combined,4,1.70578,-8.01889999999997,4.8598011,Backward
0.0467011612454806,-0.1223058,8.02937820483276,16.900020996,1,0,0,0,Combined,4,-0.480551999999999,-6.70139999999998,4.1027611,Backward
0.0501415025926835,-0.1028024,8.0382310166129,16.980040996,1,0,0,0,Combined,4,-1.111465,-5.24639999999999,4.1676191,Backward
0.0537350308610369,-0.0824272,8.04388912359179,17.060000996,1,0,0,0,Combined,4,-1.218009,-4.23050000000001,3.5056061,Backward
0.0472615324252041,-0.072781,8.05506110564518,17.119990996,1,0,0,0,Combined,4,1.87797,-4.01060000000001,3.6515181,Backward
0.0399268771288268,-0.0585111,8.06248003202865,17.179990996,1,0,0,0,Combined,4,4.31951,-4.42669999999998,3.1321031,Backward
0.0293277001217191,-0.0505598,8.07566163825748,17.239990996,1,0,0,0,Combined,4,1.29061,-5.24790000000002,2.6700091,Backward
0.0154371893589702,-0.0464071,8.09699331854175,17.299990996,1,0,0,0,Combined,4,0.36858,-2.71789999999999,3.9214021,Backward
-0.00513033314402023,-0.0416022,8.12420053609682,17.380000996,1,0,0,0,Combined,4,0.46996,-0.423200000000008,5.5464351,Backward
-0.0274720734684717,-0.0271426,8.15433149015199,17.460020996,1,0,0,0,Combined,4,-3.10225,-0.255299999999977,5.7821381,Backward
-0.0424862328652829,-0.0193991,8.18388892284847,17.520020996,0,0,0,0,Combined,4,-3.913138,-1.05369999999999,4.9031861,Backward
-0.0555941500708186,-0.0203748,8.20978753091016,17.580020996,0,0,0,0,Combined,4,-2.713812,-1.70339999999999,5.2277911,Backward
-0.0646512056571638,-0.013415,8.22925072623122,17.640010996,0,0,0,0,Combined,4,-4.108369,-3.71769999999998,4.9143801,Backward
-0.0735519017448323,-0.0062123,8.26263741151375,17.700010996,0,0,0,0,Combined,4,-5.885231,-6.50670000000002,4.1598091,Backward
-0.0748515416987505,-0.0107869,8.28350314193447,17.760010996,0,0,0,0,Combined,4,-5.726828,-6.22809999999998,2.8723781,Backward
-0.0741631880255578,-0.00924350000000002,8.30102587948374,17.820010996,0,0,0,0,Combined,4,-5.654687,-6.1463,3.1106121,Backward
-0.0721029622044638,-0.010948,8.32906990991031,17.900020996,0,0,0,0,Combined,4,-6.662045,-6.62470000000002,3.0062971,Backward
-0.0666098916360718,-0.0128841,8.34149351022305,17.960020996,0,0,0,0,Combined,4,-9.338369,-7.4264,4.3968041,Backward
-0.0628975369192419,-0.00632529999999998,8.35894275159499,18.020020996,0,0,0,0,Combined,4,-8.693415,-9.11090000000002,4.0309821,Backward
-0.061260234368758,0.00489539999999999,8.37817031788296,18.080020996,0,0,0,0,Combined,4,-10.1729176,-10.802,2.7779181,Backward
-0.0582263759117456,2.2399999999978e-05,8.39602266324324,18.140010996,0,0,0,0,Combined,4,349.41897,-10.5135,2.8453151,Backward
-0.0573640572361027,-0.0051678,8.40937585535231,18.200010996,0,0,0,0,Combined,4,-10.1702275,-10.4496,3.0131911,Backward
-0.0580249548644951,-0.00507819999999998,8.4290937908255,18.280030996,0,0,0,0,Combined,4,-9.092806,-10.4295,3.8127161,Backward
-0.0592839325586514,-0.00325890000000001,8.44975573807559,18.340030996,0,0,0,0,Combined,4,-9.8712438,-10.2285,4.1151341,Backward
-0.0660067500834427,0.00221149999999998,8.46446247287732,18.400020996,0,0,0,0,Combined,4,348.78577,-11.6842,3.8972981,Backward
-0.0742902344459768,0.00379459999999998,8.48241707529051,18.460020996,0,0,0,0,Combined,4,348.31957,-15.3123,4.1710111,Backward
-0.0841714293487938,-0.0029576,8.4942913840406,18.520020996,0,0,0,0,Combined,4,346.99777,-19.7411,3.8129151,Backward
-0.103402689682368,0.00510310000000003,8.50558569499711,18.580020996,0,0,0,0,Combined,4,349.48627,-29.9126,1.8657151,Backward
-0.113686283119658,-0.008967,8.51175786244595,18.640010996,0,0,0,0,Combined,4,-9.242417,-38.8501,1.3614451,Backward
-0.120130591076805,-0.00942660000000001,8.52037744015912,18.700010996,0,0,0,0,Combined,4,-6.863328,-52.2839,1.7561591,Backward
-0.121387124663776,-0.00560090000000002,8.53611585219289,18.760010996,0,0,0,0,Combined,4,-5.509728,-58.4067,0.8913751,Backward
-0.121241507621125,-0.00478919999999999,8.54558162462186,18.820010996,0,0,0,0,Combined,4,-6.756301,-56.1804,1.8024001,Backward
-0.120627077319204,-0.00361830000000002,8.55199205155024,18.880000996,0,0,0,0,Combined,4,-6.591584,-53.8682,1.7053561,Backward
-0.120550217239729,-0.0065559,8.5760563365911,19.020020996,0,0,0,0,Combined,4,-3.462933,-48.7472,0.5010051,Backward
-0.133386798839175,-0.0170986,8.59013450887449,19.119990996,0,0,0,0,Combined,4,-0.757453,-39.9449,0.6586731,Backward
-0.168047662649911,-0.0333974,8.60622856581778,19.200010996,0,0,0,0,Combined,4,6.59849,-41.3497,2.3655061,Backward
-0.199787889680798,-0.0450244,8.63790907517334,19.260010996,0,0,0,0,Combined,4,12.64949,-43.4026,4.2357541,Backward
-0.223661879234885,-0.051476,8.6610874054577,19.320010996,0,0,0,0,Combined,4,13.02041,-43.219,4.1552441,Backward
-0.255015016052274,-0.0762855,8.69332382412837,19.380000996,0,0,0,0,Combined,4,12.88198,-41.8821,5.1646951,Backward
-0.291660428215118,-0.1074623,8.72769191600754,19.460020996,0,0,0,0,Combined,4,13.86058,-42.7786,6.2874231,Backward
-0.310521583044411,-0.1517692,8.7579843773718,19.520020996,0,0,0,0,Combined,4,20.64872,-42.6737,6.4683871,Backward
-0.338407681162283,-0.1968582,8.79776378216575,19.580020996,0,0,0,0,Combined,4,18.84446,-44.8349,4.7844951,Backward
-0.349204955051388,-0.2310212,8.82895849969234,19.640010996,0,0,0,0,Combined,4,22.00761,-44.8629,4.8789811,Backward
-0.345975407701658,-0.264575,8.86615649631737,19.700010996,0,0,0,0,Combined,4,23.38316,-44.8589,6.6111061,Backward
-0.334708116013489,-0.31576192,8.94114648932986,19.780030996,0,0,0,0,Combined,4,24.49148,-42.5081,6.2979351,Backward
-0.320767173722731,-0.33225967,8.99811603780135,19.840030996,0,0,0,0,Combined,4,22.26363,-42.2407,5.9567291,Backward
-0.289391532849263,-0.341961682,9.07170455550472,19.900020996,0,0,0,0,Combined,4,24.76552,-37.5162,7.2215261,Backward
-0.267928147613275,-0.33458035,9.11552625441304,19.960020996,0,0,0,0,Combined,4,26.34731,-33.2457,7.6505201,Backward
-0.223346677443601,-0.32736959,9.1843946024585,20.020020996,0,0,0,0,Combined,4,25.44828,-30.0889,7.1003631,Backward
-0.18128650814506,-0.31674908,9.2362917757975,20.080020996,0,0,0,0,Combined,4,24.22017,-25.3511,5.5951281,Backward
-0.13269264562234,-0.29697091,9.28885721693636,20.140010996,0,0,0,0,Combined,4,20.57663,-21.5882,3.3072091,Backward
-0.103463123519356,-0.27605856,9.31650640113104,20.200010996,0,0,0,0,Combined,4,17.67658,-15.2517,3.7526751,Backward
-0.070078350949585,-0.24980206,9.34716158857892,20.280030996,0,0,0,0,Combined,4,15.35534,-11.8329,3.8334291,Backward
-0.033540035322976,-0.2260606,9.37579546675094,20.360050996,0,0,1,0,Combined,4,16.48694,-9.9665,2.5112851,Backward
0.00185847836486763,-0.1780984,9.3958736584198,20.480040996,0,0,1,0,Combined,4,13.34436,-6.98169999999999,2.9226331,Backward
0.0163218823085165,-0.1369758,9.40177410978922,20.600040996,0,0,1,0,Combined,4,7.04761,-4.61840000000001,3.0465231,Backward
0.0166152574926031,-0.1057211,9.40630907847724,20.720030996,0,0,1,0,Combined,4,0.0528899999999997,-5.5625,3.7953811,Backward
0.00261047263409209,-0.0832055,9.41107623759635,20.799990996,0,0,1,0,Combined,4,-2.421973,-6.53699999999998,3.7740121,Backward
-0.0127574358243492,-0.0641784,9.42794640456686,20.900020996,0,0,1,0,Combined,4,-7.479075,-7.7149,2.5602151,Backward
-0.0378282608417564,-0.0546337,9.45748311057729,21.000000996,0,0,1,0,Combined,4,348.78687,-6.56400000000002,1.9572911,Backward
-0.0747582934899067,-0.0452417,9.48941063137998,21.080020996,0,0,1,0,Combined,4,-8.967656,-4.10629999999998,1.2742771,Backward
-0.106410044178895,-0.0313725,9.5190219249573,21.160030996,0,0,1,0,Combined,4,-8.99784,-0.894400000000019,0.7341061,Backward
-0.134127155564168,-0.0159101,9.54916872068183,21.239990996,0,0,1,0,Combined,4,349.57367,3.10840000000002,2.1952401,Backward
-0.143141862809413,-0.0256063,9.57865662006925,21.320010996,0,0,1,0,Combined,4,-9.6007435,4.62560000000002,5.5982241,Backward
-0.153981038948555,-0.0343233,9.61214919250889,21.400020996,0,0,1,0,Combined,4,-4.651326,4.92149999999998,6.4820941,Backward
-0.158741551869455,-0.0438354,9.63654501858078,21.480040996,0,0,1,0,Combined,4,2.30505,3.67590000000001,5.9535491,Backward
-0.162557465205318,-0.0512522,9.68370771759614,21.580020996,0,0,1,0,Combined,4,10.44341,1.62220000000002,5.6667351,Backward
-0.167248005609733,-0.0397769,9.74192278506766,21.660030996,0,0,1,0,Combined,4,6.72836,0.622000000000014,6.2650411,Backward
-0.158740269564503,-0.0447659,9.82406565153448,21.799990996,0,0,1,0,Combined,4,2.24889,-2.40530000000001,5.3614061,Backward
-0.154137418785071,-0.0253766,9.89794788267094,21.920040996,0,0,1,0,Combined,4,-2.095535,-5.09370000000001,4.4153161,Backward
-0.149600635788287,-0.0316467,9.95608860063211,22.020020996,0,0,1,0,Combined,4,2.7286,-4.03359999999998,4.0760471,Backward
-0.150983432056835,-0.0225864,9.99533938544566,22.100040996,0,0,1,0,Combined,4,2.34067,-6.53379999999999,2.9371501,Backward
-0.151556582246279,-0.0256985,10.0370998870214,22.200010996,0,0,1,0,Combined,4,3.62009,-7.66789999999997,3.7923921,Backward
-0.159051886755301,-0.0114254,10.0869150947729,22.340030996,0,0,1,0,Combined,4,-2.48026,-9.3809,2.7575021,Backward
-0.180012257806593,-0.0143456,10.1329224952796,22.460020996,0,0,1,0,Combined,4,-7.063241,-9.5865,2.7081281,Backward
-0.210360123782418,-0.0255684,10.1750789410942,22.540040996,0,0,1,0,Combined,4,-9.08612,-9.97280000000001,2.2963101,Backward
-0.240554788869662,-0.0049864,10.217170344709,22.619990996,0,0,1,0,Combined,4,349.23537,-9.9572,1.1352801,Backward
-0.257975864501703,-0.00279619999999997,10.2467473538348,22.720030996,0,0,1,0,Combined,4,-9.5367536,-8.65210000000002,4.0294541,Backward
-0.259873165410403,-0.00289,10.2675315650361,22.799990996,0,0,1,0,Combined,4,-9.399201,-7.24450000000002,5.0620081,Backward
-0.267681796654296,0.0073434,10.2969447270235,22.880000996,0,0,1,0,Combined,4,-8.905983,-6.90120000000002,3.7628021,Backward
-0.274154388074567,-0.000158099999999994,10.3336512999132,22.960020996,0,0,1,0,Combined,4,-9.286587,-8.02370000000002,4.5447391,Backward
-0.271982236935905,0.0019439,10.3582931707722,23.040040996,0,1,0,0,Combined,4,-7.609241,-7.80470000000003,4.2717341,Backward
-0.271275982222547,-0.00661649999999997,10.3922982453388,23.119990996,0,1,0,0,Combined,4,-9.244828,-7.02499999999998,3.2307061,Backward
-0.268187029189697,-0.0287365,10.4305862393207,23.200010996,0,1,0,0,Combined,4,-7.494694,-6.85829999999999,1.6427911,Backward
-0.259510954564217,-0.0333157,10.4649722280093,23.260010996,0,1,0,0,Combined,4,-4.414407,-6.3372,4.6533551,Backward
-0.241099010827809,-0.0334381,10.5213701690342,23.340030996,0,0,0,0,Combined,4,-8.3913,-7.2294,6.1818451,Backward
-0.214438931289731,-0.0403234,10.6065601826451,23.420040996,0,0,0,0,Combined,4,347.00237,-9.43209999999999,4.3283071,Backward
-0.197312652196453,-0.0365314,10.6799582565055,23.480040996,0,1,0,0,Combined,4,345.04517,-11.0959,2.4828211,Backward
-0.191279037391475,-0.0099339,10.7228156346963,23.540040996,0,1,0,0,Combined,4,341.01367,-9.75080000000003,3.3830241,Backward
-0.179636836066888,-0.00905089999999997,10.7808138206017,23.619990996,0,1,0,0,Combined,4,-9.7366758,-9.35910000000001,4.8192631,Backward
-0.175242166570158,-0.00558940000000002,10.8160937662934,23.679990996,0,0,0,0,Combined,4,-7.455516,-8.51499999999999,6.0407901,Backward
-0.174097590132247,0.00093310000000002,10.8526124593804,23.760010996,0,0,0,0,Combined,4,-6.184628,-10.1766,4.7198321,Backward
-0.175124076762984,0.000383399999999978,10.891644739178,23.840030996,0,0,0,0,Combined,4,-6.423785,-11.4923,2.4520091,Backward
-0.180550103384443,-0.00962010000000002,10.9286885955121,23.900020996,0,1,0,0,Combined,4,-5.201356,-10.5904,2.2715871,Backward
-0.18943437621241,-0.0272852,10.9687523621388,23.960020996,0,1,0,0,Combined,4,-3.29784,-9.05399999999997,2.5404161,Backward
-0.208113870043053,-0.0306153,11.010473813147,24.020020996,0,1,0,0,Combined,4,-1.665157,-8.70999999999998,2.9260891,Backward
-0.226776857231497,-0.0400131,11.055647635591,24.100040996,0,1,0,0,Combined,4,-1.072036,-8.9316,2.0856251,Backward
-0.255263133701224,-0.0464799,11.1154921388882,24.179990996,0,1,0,0,Combined,4,-0.639559999999999,-6.85509999999999,1.9089151,Backward
-0.28676467353645,-0.0172367,11.1834276811692,24.260010996,0,1,0,0,Combined,4,-0.752896,-4.00099999999998,0.4902701,Backward
-0.302250514884357,-0.0225287,11.2280657524509,24.340030996,0,1,0,0,Combined,4,-0.31165,-2.04180000000002,2.0389181,Backward
-0.316467653426342,-0.0137803,11.2865735329649,24.420040996,0,1,0,0,Combined,4,-1.660104,-0.0532000000000039,0.2308055,Backward
-0.328865334108754,-0.0113669,11.3453117263632,24.500000996,0,1,0,0,Combined,4,0.22064,2.59460000000001,0.3993211,Backward
-0.339934368210392,-0.025557,11.4416741982963,24.640010996,0,1,0,0,Combined,4,0.695360000000001,5.83260000000001,1.7222391,Backward
-0.34146401869112,-0.0409515,11.5447781096256,24.760010996,0,0,0,0,Combined,4,-1.641438,4.40940000000001,1.7875481,Backward
-0.33424969244887,-0.0481752,11.6100038432656,24.820010996,0,1,0,0,Combined,4,-2.727184,2.2636,1.5018951,Backward
-0.336859089221663,-0.0264869,11.6560042416387,24.880000996,0,1,0,0,Combined,4,-4.28616,3.43950000000001,359.1123461,Backward
-0.337868732571323,-0.0096716,11.6960235945358,24.940000996,0,1,0,0,Combined,4,-6.917373,3.69479999999999,3.0098381,Backward
-0.33696193398184,0.00304389999999999,11.7296470015065,25.000000996,0,1,0,0,Combined,4,348.81517,1.93470000000002,3.6261181,Backward
-0.331132546240053,-0.00279940000000001,11.7752391770036,25.080020996,0,1,0,0,Combined,4,-10.0644317,0.859399999999994,4.2268701,Backward
-0.329639403247561,-0.00751560000000001,11.8219036171482,25.140010996,0,0,0,0,Combined,4,-9.335755,0.830600000000004,2.7989681,Backward
-0.331941334011265,-0.0201622,11.867679915871,25.200010996,0,1,0,0,Combined,4,-7.098704,1.46140000000003,2.1810951,Backward
-0.335885731068558,-0.0232353,11.9031942416122,25.260010996,0,1,0,0,Combined,4,-5.79849,1.96769999999998,3.0458801,Backward
-0.341767603223465,-0.0288043,11.9546488968433,25.340030996,0,0,0,0,Combined,4,-6.525867,3.52539999999999,3.3935381,Backward
-0.351981651782121,-0.0350064,12.0107948713565,25.400020996,0,0,0,0,Combined,4,-7.366384,5.04450000000003,3.3083971,Backward
-0.358330517347684,-0.0228517,12.0689928900774,25.460020996,0,0,0,0,Combined,4,-6.257943,6.28809999999999,3.0692361,Backward
-0.356931501389991,-0.0172449,12.0930432527015,25.520020996,0,0,0,0,Combined,4,-3.749357,7.25349999999997,3.6907871,Backward
-0.348767467012182,-0.0152154,12.145097939327,25.560000996,0,0,0,0,Combined,4,-2.080733,9.5154,2.6638931,Backward
-0.344033114786172,-0.01213,12.1667987424227,25.619990996,0,0,0,0,Combined,4,-2.047836,11.3398,3.0247021,Backward
-0.332953670735948,-0.00973479999999999,12.2121678825902,25.660030996,0,0,0,0,Combined,4,-1.602306,15.844,2.2384851,Backward
-0.329885869218333,-0.00971379999999999,12.2359144644463,25.720030996,0,0,0,0,Combined,4,-2.167654,18.2176,2.3603241,Backward
-0.32119772072548,-0.0160909,12.2809775171144,25.780030996,0,0,0,0,Combined,4,-1.709014,20.0656,3.4609141,Backward
-0.311509560263795,-0.0212397,12.3138736953251,25.820010996,0,0,0,0,Combined,4,-1.46938,20.2397,3.4203231,Backward
-0.299490215506123,-0.0258995,12.3466487753188,25.880000996,0,0,0,0,Combined,4,-1.997828,20.1028,3.4070971,Backward
-0.287486514342714,-0.0277835,12.3697462057902,25.920040996,0,0,0,0,Combined,4,-2.790465,19.8752,3.7395551,Backward
-0.2716912853232,-0.0321702,12.4000700283431,25.980040996,0,0,0,0,Combined,4,-3.265868,19.7968,4.0491361,Backward
-0.249506373859228,-0.0121553,12.4431508460853,26.020020996,0,0,0,0,Combined,4,-5.814281,19.3831,3.4555961,Backward
-0.232136261481369,-0.0123991,12.4717240594849,26.080020996,0,0,0,0,Combined,4,-5.324981,20.6996,2.7406561,Backward
-0.217529789479878,-0.00950439999999997,12.4977248481781,26.140010996,0,0,0,0,Combined,4,-5.55513,21.3517,3.0731301,Backward
-0.200734697958247,-0.00857940000000001,12.5237729823681,26.200010996,0,0,0,0,Combined,4,-4.818215,21.9555,2.7624231,Backward
-0.169018769271677,-0.00677610000000001,12.5635716433952,26.260010996,0,0,0,0,Combined,4,-3.180938,23.785,3.2356121,Backward
-0.157694498119189,-0.00979429999999998,12.5798893326576,26.299990996,0,0,0,1,Combined,4,-2.603811,25.3095,2.0403001,Backward
-0.14245610682539,-0.0118529,12.6046140359274,26.360050996,0,0,0,1,Combined,4,-2.016705,26.7031,1.2664241,Backward
-0.120261485971679,-0.015503,12.6397559537629,26.420040996,0,0,0,1,Combined,4,-3.052248,28.7318,1.2161421,Backward
-0.102526943241995,-0.0169374,12.6693345767898,26.480040996,0,0,0,1,Combined,4,-4.600747,30.0424,1.4689291,Backward
-0.0803268874908571,-0.0196433,12.71001761459,26.540040996,0,0,0,1,Combined,4,-5.463634,31.5167,1.6398631,Backward
-0.0572610409203609,-0.0200098,12.753360278352,26.600040996,0,0,0,1,Combined,4,-5.768322,32.0296,2.2102581,Backward
-0.0324634612347894,-0.0128608,12.7970155399677,26.660030996,0,0,0,1,Combined,4,-6.426165,31.7038,2.0505141,Backward
-0.00351143608472482,-0.00427820000000001,12.8336974786393,26.720030996,0,0,0,1,Combined,4,-3.954539,32.8568,2.2857811,Backward
0.0168568091686696,0.000685500000000006,12.8594308837249,26.780030996,0,0,0,1,Combined,4,-4.566422,33.3258,1.4998451,Backward
0.0445400748327605,-0.00280039999999998,12.8914510015756,26.840030996,0,0,0,1,Combined,4,-4.410537,34.4788,-0.511604,Backward
0.0631857451701809,-0.00219469999999999,12.9144428172209,26.900020996,0,0,0,1,Combined,4,-3.48109,36.1399,-0.1283749,Backward
0.0889320834075948,-0.00468029999999997,12.9463677660441,26.980040996,0,0,0,1,Combined,4,-3.198398,35.3335,0.5643941,Backward
0.114435599764537,-0.0080887,12.9795414652564,27.040040996,0,0,0,1,Combined,4,-3.655747,30.4587,0.8707401,Backward
0.155843132610761,-0.0163969,13.0181293026743,27.100040996,0,0,0,1,Combined,4,-4.322459,25.9031,1.2932121,Backward
0.193504269652473,-0.0261826,13.0479223857764,27.179990996,0,0,0,1,Combined,4,-4.408933,23.5306,1.8744141,Backward
0.233424975505266,-0.020727,13.0894573372897,27.260010996,0,0,0,1,Combined,4,-3.93698,18.7209,1.6956841,Backward
0.257797542660593,-0.00848349999999998,13.1235316606764,27.320010996,0,0,0,1,Combined,4,-2.951612,15.0519,1.6422951,Backward
0.277906074743721,-0.0102656,13.1582433708397,27.380000996,0,0,0,1,Combined,4,-2.603728,10.5259,3.7006131,Backward
0.2958143974578,-0.0100112,13.1957488667379,27.460020996,0,0,0,1,Combined,4,-0.601748000000001,4.09059999999999,2.8357721,Backward
0.311659028469245,-0.0137241,13.2343466934268,27.540040996,0,0,0,1,Combined,4,-0.30484,-1.03210000000001,1.6865151,Backward
0.326743755918517,-0.00957599999999997,13.2892854357748,27.619990996,0,0,0,1,Combined,4,-8.207641,-8.20940000000002,-0.0128722999999999,Backward
0.335078027111809,-0.0240419,13.3416118141865,27.700010996,0,0,0,1,Combined,4,-9.5527073,-11.0504,0.5585151,Backward
0.335703741823279,-0.0180953,13.4008876853829,27.780030996,0,0,0,1,Combined,4,346.33627,-10.0593,1.3627011,Backward
0.337187821690614,0.00357289999999999,13.461547262928,27.860050996,0,0,0,1,Combined,4,344.48947,-9.64879999999999,2.0585081,Backward
0.347681387236399,0.00527909999999998,13.5057677010549,27.940000996,0,0,0,1,Combined,4,346.29027,-9.15300000000002,1.5894061,Backward
0.355734483497024,0.0046678,13.5779494619272,28.020020996,0,0,0,0,Combined,4,345.83417,-9.81400000000002,-0.4558537,Backward
0.360458955149502,-0.00226300000000001,13.6300881084152,28.100040996,0,0,0,0,Combined,4,346.65867,-8.67110000000002,359.0823461,Backward
0.36646045687949,-0.0132285,13.680313353173,28.160030996,0,0,0,0,Combined,4,348.23947,-8.57990000000001,0.1745145,Backward
0.373939414306423,-0.0215607,13.721219794485,28.200010996,0,0,0,0,Combined,4,348.66207,-8.71980000000002,0.00270610000000004,Backward
0.381746000136431,-0.0323725,13.7519855265204,28.239990996,0,0,0,0,Combined,4,349.53207,-9.09699999999998,0.3854901,Backward
0.390520548712904,-0.0335341,13.7825226800761,28.280030996,0,0,0,0,Combined,4,-10.2250618,-9.4821,0.0389463,Backward
0.398660370592949,-0.0400913,13.8133172865805,28.320010996,0,0,0,0,Combined,4,-10.2764091,-9.46679999999998,-0.6272053,Backward
0.404022756696648,-0.0298207,13.8419012109485,28.360050996,0,0,0,0,Combined,4,-9.4747394,-9.17250000000001,-0.5151695,Backward
0.407742999689086,-0.0233168,13.8717823118665,28.400020996,0,0,0,0,Combined,4,-9.8539106,-8.98180000000002,-0.4989556,Backward
0.409718057522725,-0.0123616,13.9153578156107,28.460020996,0,0,0,0,Combined,4,-9.9769366,-8.40460000000002,-0.6178304,Backward
0.409410955421527,-0.0090768,13.9557402549909,28.500000996,0,0,0,0,Combined,4,-8.612551,-8.83030000000002,0.016069,Backward
0.408096642597067,-0.0032432,13.9823955820908,28.540040996,0,0,0,0,Combined,4,-8.758222,-10.158,-0.1138395,Backward
0.405745778382403,-0.00248339999999997,14.0226453511142,28.580020996,0,0,0,0,Combined,4,-8.766547,-11.6378,-0.387894,Backward
0.404425607763491,-0.00536419999999999,14.0488052241938,28.619990996,0,0,0,0,Combined,4,-7.605805,-12.7844,0.0719251000000001,Backward
0.400305761583621,-0.00759369999999998,14.0870002562981,28.660030996,0,0,0,0,Combined,4,-6.863784,-14.5539,0.1444182,Backward
0.397351294726346,-0.0125181,14.1127436515208,28.700010996,0,0,0,0,Combined,4,-6.376964,-15.707,-0.2872594,Backward
0.392604971124017,-0.0186166,14.1374100836962,28.760010996,0,0,0,0,Combined,4,-5.85042,-16.6802,-0.3442607,Backward
0.384231829130296,-0.0249167,14.1751152538609,28.799990996,0,0,0,0,Combined,4,-5.631981,-18.5372,0.1815514,Backward
0.373538675177354,-0.0284678,14.2139184051316,28.840030996,0,0,0,0,Combined,4,-6.047022,-20.1264,0.8652991,Backward
0.366698290924384,-0.0288482,14.241068917618,28.880000996,0,0,0,0,Combined,4,-6.549259,-20.8694,0.9531991,Backward
0.35495881922252,-0.019278,14.2813377510399,28.920040996,0,0,0,0,Combined,4,-6.947452,-21.4848,0.9846341,Backward
0.348040966431019,-0.0141848,14.3087468764137,28.960020996,0,0,0,0,Combined,4,-7.758942,-21.3718,1.2388421,Backward
0.339809068760412,-0.0109845,14.3498224392916,29.000000996,0,0,0,0,Combined,4,-7.728362,-21.3328,1.5617461,Backward
0.336842484090725,-0.00855549999999999,14.3769501748476,29.040040996,0,0,0,0,Combined,4,-6.072705,-20.8675,1.7519961,Backward
0.333650825449851,-0.00477889999999997,14.4045368196621,29.080020996,0,0,0,0,Combined,4,-6.014857,-20.4582,1.5346791,Backward
0.329421816811831,-0.0014458,14.4469085127005,29.119990996,0,0,0,0,Combined,4,-6.081351,-19.9675,1.2648021,Backward
0.329485042283073,-0.00338820000000001,14.475717873515,29.160030996,0,0,0,0,Combined,4,-6.58504,-19.0856,0.4821991,Backward
0.329593212911379,-0.00516359999999999,14.5048978958096,29.200010996,0,0,0,0,Combined,4,-6.593888,-17.5263,0.0943951000000001,Backward
0.331141373381194,-0.00912760000000001,14.5474199287944,29.239990996,0,0,0,0,Combined,4,-6.138166,-15.4196,-0.09995,Backward
0.332214077735675,-0.0128608,14.5748194366434,29.280030996,0,0,0,0,Combined,4,-6.238237,-14.4885,-0.0676363,Backward
0.33507908062935,-0.0183902,14.6024844909976,29.320010996,0,0,0,0,Combined,4,-5.94119,-14.1182,-0.2325235,Backward
0.339168270819378,-0.0241678,14.6303785594637,29.360050996,0,0,0,0,Combined,4,-5.572463,-13.5872,-0.4454522,Backward
0.345338640481299,-0.0339782,14.6711282747048,29.400020996,0,0,0,0,Combined,4,-5.139287,-13.1082,-0.4899736,Backward
0.348821248752359,-0.0391028,14.6985393200083,29.440000996,0,0,0,0,Combined,4,-5.630684,-14.1333,0.3179321,Backward
0.352448874444616,-0.0211568,14.7276399883312,29.480040996,0,0,0,0,Combined,4,-5.50149,-15.2032,0.6170111,Backward
0.356939958988021,-0.0166842,14.7675425309272,29.520020996,0,0,0,0,Combined,4,-6.037248,-15.0854,0.2985271,Backward
0.35909038433814,-0.00622830000000002,14.8047573712441,29.560000996,0,0,0,0,Combined,4,-6.570153,-14.8619,0.3625591,Backward
0.35925747716631,-0.0064207,14.8259620779854,29.600040996,0,0,0,0,Combined,4,-5.55731,-14.9232,1.2960141,Backward
0.357218134704438,0.00164750000000002,14.8594804235192,29.640010996,0,0,0,0,Combined,4,-6.703831,-16.413,1.9434171,Backward
